"id" "iSensor" "effect" "AveExpr" "t" "p_value" "p_adj" "B" "neglog10_fdr"
"1" "AT-aux-trans-IAA" 0.141623137632145 1.1439201895228 44.4114834477246 2.24341446314326e-73 1.34604867788595e-71 156.438460760675 70.8709392342019
"2" "AT-aux-cistrans-DR5-ARF3-up" 0.0902538843737433 1.153108668418 43.1797428783187 4.51948323015519e-72 1.35584496904656e-70 153.412458851149 69.867789966027
"3" "AT-aux-cistrans-IR8-ARF3-up" 0.107874079929605 1.04152805320401 41.3902130939011 4.07221614411451e-70 8.14443228822903e-69 148.876975634676 68.0891391830169
"4" "AT-aux-cistrans-IR8-ARF5-1-up" 0.0829495453751228 1.0747415178298 39.2517579288315 1.10997457484516e-67 1.66496186226773e-66 143.226068081776 65.7785957100234
"5" "AT-aux-cistrans-IR8-TGTCNN-up" 0.0799758979702676 1.09035264231798 38.8287511116452 3.47275719516424e-67 4.16730863419708e-66 142.07671732637 65.3801443341563
"6" "AT-aux-cistrans-IR8-ARF5-2-up" 0.137480818646956 1.05920941435014 36.3851479740042 3.13531374193438e-64 3.13531374193438e-63 135.21914315572 62.5037189940444
"7" "AT-aux-cistrans-DR5-TGTCNN-up" 0.0757928087031727 1.06062243944876 34.5609445169605 6.51871689874486e-62 5.58747162749559e-61 129.841400528163 60.2527846691492
"8" "AT-aux-cistrans-IR8-ARF2-up" 0.0813318595890564 1.0923241678795 33.4589293873184 1.8370688996351e-60 1.37780167472632e-59 126.477440895862 58.860813291696
"9" "AT-aux-cistrans-DR5-ARF6-up" 0.0545437399382065 1.13171346911376 29.6324185907155 4.15697475166944e-55 2.49418485100166e-54 114.055595755027 53.6030713628883
"10" "AT-aux-cistrans-DR5-ARF8-up" 0.0545437399382065 1.13171346911376 29.6324185907155 4.15697475166944e-55 2.49418485100166e-54 114.055595755027 53.6030713628883
"11" "AT-aux-cistrans-DR5-ARF1-up" 0.0613870290827507 1.10046016828068 27.8175292490498 2.2367908984286e-52 1.11844085019076e-51 107.721419299721 50.9513869790372
"12" "AT-aux-trans-ConjugationDeconjugation" 0.0651379194786541 1.1985359557005 27.8175178112058 2.23688170038151e-52 1.11844085019076e-51 107.721378410215 50.9513869790372
"13" "AT-aux-cistrans-DR5-ARF5-2-up" 0.0666989078421055 1.07704426921645 26.6428373582645 1.54628388276776e-50 7.13669484354349e-50 103.454785799567 49.1465028727539
"14" "AT-aux-cis-IR8-ARF5-2" 0.0114869299766286 1.0251530290728 26.1327932504632 1.015256182356e-49 4.35109792438286e-49 101.559429903862 48.3614011425081
"15" "AT-aux-cistrans-DR5-ARF5-1-up" 0.0498843732223884 1.06959086632182 25.871058007856 2.69429150099075e-49 1.0777166003963e-48 100.576476772784 47.9674954275215
"16" "AT-aux-cis-IR8-ARF5-1" 0.00534157631392275 1.03338922018114 25.213838458404 3.2240399112898e-48 1.20901496673368e-47 98.0768068772091 46.9175683228534
"17" "AT-aux-cistrans-IR8-ARF6-up" 0.0533973246945426 1.12513044866207 24.5114752391175 4.81272531348567e-47 1.60424177116189e-46 95.3546373422521 45.7947301797121
"18" "AT-aux-cistrans-IR8-ARF8-up" 0.0533973246945426 1.12513044866207 24.5114752391175 4.81272531348567e-47 1.60424177116189e-46 95.3546373422521 45.7947301797121
"19" "AT-aux-cis-DR5-TGTCNN" 0.00654841577507621 1.0181072291761 20.7997798546575 1.94017677035975e-40 6.12687401166236e-40 80.043047383973 39.2127610500748
"20" "AT-aux-cis-IR8-ARF3" 0.00841834467408809 1.02001439781849 19.953045537947 7.84662112666702e-39 2.35398633800011e-38 76.3198361897441 37.6281960620314
"21" "AT-aux-trans-PolarAuxinTransport" 0.0573495103015966 1.12558727048626 18.5650703834181 4.10031148241228e-36 1.17151756640351e-35 70.0233362256726 34.9312511949587
"22" "AT-aux-cistrans-DR5-ARF2-up" 0.0431131952585968 1.09921758244476 18.0735695720804 3.98747747451407e-35 1.08749385668566e-34 67.7355240089507 33.9635731877205
"23" "AT-aux-trans-A-ARF" 0.0378353718349665 1.13590431591635 17.8100735002549 1.36704862187361e-34 3.56621379619202e-34 66.4964770114387 33.447792624222
"24" "AT-aux-trans-Transport" 0.0336026861772719 1.14145491954438 17.498912665275 5.92353148300337e-34 1.48088287075084e-33 65.0220482230258 32.829479290296
"25" "AT-aux-cistrans-IR8-ARF1-up" 0.0527475401890309 1.02325932792406 17.3565960328101 1.16307021859517e-33 2.79136852462842e-33 64.3436356036402 32.5541828228997
"26" "AT-aux-cistrans-IR8-ARF2-down" -0.0412937208766165 1.17719790504491 -17.2101911885754 2.33456652326481e-33 5.38746120753417e-33 63.6430910145666 32.2686158439615
"27" "AT-aux-cis-DR5-TGTCGG" 0.020649592877503 0.988291059114682 17.1834671894944 2.65196567290965e-33 5.89325705091033e-33 63.514928313982 32.2296446155216
"28" "AT-aux-trans-ARF" 0.0298538012231595 0.99065094964127 16.8695898575298 1.19320147786743e-32 2.55686030971591e-32 62.0029868203057 31.5922929983627
"29" "AT-aux-cistrans-IR8-ARF6-down" -0.0317042103470491 1.11763620931559 -14.9635416001404 1.4314119788457e-28 2.8628239576914e-28 52.5651370477187 27.5432053570269
"30" "AT-aux-cistrans-IR8-ARF8-down" -0.0317042103470491 1.11763620931559 -14.9635416001404 1.4314119788457e-28 2.8628239576914e-28 52.5651370477187 27.5432053570269
"31" "AT-aux-cistrans-IR8-ARF5-1-down" -0.0373805127878719 1.13100779598238 -14.6348950320547 7.54853763557821e-28 1.46100728430546e-27 50.8953408105068 26.8353476187503
"32" "AT-aux-cistrans-DR5-ARF6-down" -0.0277151284583413 1.10763825839039 -14.3765701415562 2.81250719554157e-27 5.11364944643921e-27 49.574646635327 26.2912690472708
"33" "AT-aux-cistrans-DR5-ARF8-down" -0.0277151284583413 1.10763825839039 -14.3765701415562 2.81250719554157e-27 5.11364944643921e-27 49.574646635327 26.2912690472708
"34" "AT-aux-cis-DR5-ARF3" 0.00522604286763637 1.01813424996924 14.1045416931696 1.13236927231014e-26 1.99829871584142e-26 48.1763582426998 25.6993395907123
"35" "AT-aux-cistrans-IR8-TGTCNN-down" -0.0308027183029955 1.06688517492921 -13.7692114818868 6.37116193474042e-26 1.09219918881264e-25 46.4424645734898 24.9616981503553
"36" "AT-aux-cis-IR8-ARF2" 0.00360659369358802 1.01338393761221 13.0545237670549 2.62373938181967e-24 4.37289896969945e-24 42.7121143106461 23.359230556364
"37" "AT-aux-cistrans-DR5-ARF3-down" -0.0360016280516394 1.1738364759587 -11.6570692022216 4.24129634383154e-21 6.87777785486197e-21 35.306602955902 20.1625518555518
"38" "AT-aux-cistrans-DR5-TGTCNN-down" -0.0238652582083629 1.18202921064464 -11.4407817276221 1.34479583587952e-20 2.12336184612556e-20 34.150922982365 19.6729759905797
"39" "AT-aux-cistrans-DR5-ARF2-down" -0.0256162294079369 1.13675725405784 -11.2343135676724 4.05359559996763e-20 6.23630092302712e-20 33.0462086247929 19.205072936771
"40" "AT-aux-cistrans-IR8-ARF5-2-down" -0.0317578929881453 1.22741368587939 -10.4809526403208 2.29289186953027e-18 3.43933780429541e-18 29.008591776291 17.4635251666215
"41" "AT-aux-cistrans-DR5-ARF5-1-down" -0.0218362468098487 1.15208109459366 -10.0864723697619 1.8998663429924e-17 2.78029220925717e-17 26.8947828159159 16.5559095572478
"42" "AT-aux-cis-DR5-ARF1" 0.00320840165378778 1.04784720993888 9.15027438336022 2.8216801851547e-15 4.03097169307815e-15 21.9022401891567 14.3945902516071
"43" "AT-aux-cis-DR5-ARF6" 0.00178365966823412 1.02415885875219 9.10734066830148 3.54490356079917e-15 4.83395940108978e-15 21.6746819828477 14.3156970014163
"44" "AT-aux-cis-DR5-ARF8" 0.00178365966823412 1.02415885875219 9.10734066830148 3.54490356079917e-15 4.83395940108978e-15 21.6746819828477 14.3156970014163
"45" "AT-aux-trans-Synthesis" -0.0153005468606365 0.833769686968961 -8.96853764757943 7.40541803882572e-15 9.8738907184343e-15 20.9401491427717 14.0055116837444
"46" "random2" 0.00291265736525561 0.994471629663902 8.87000500809182 1.24806964282877e-14 1.62791692542884e-14 20.419871973278 13.7883677614544
"47" "random1" -0.00250225886816905 1.02179980851647 -8.06262566251163 8.63395007177106e-13 1.10220639214099e-12 16.202414383857 11.9577370746538
"48" "AT-aux-cistrans-IR8-ARF1-down" -0.0215468872466071 1.19427760033534 -7.66565850333496 6.69666986014016e-12 8.3708373251752e-12 14.1673277195274 11.0772310978592
"49" "AT-aux-cistrans-DR5-ARF1-down" -0.0198569305628164 1.14731476845197 -6.93780209487661 2.63834690557619e-10 3.20643223092035e-10 10.5263027976585 9.49397793461727
"50" "AT-aux-cistrans-DR5-ARF5-2-down" -0.0232232127818718 1.11972591112649 -6.93524507396554 2.67202685910029e-10 3.20643223092035e-10 10.5137534198104 9.49397793461727
"51" "AT-aux-trans-Receptors" -0.0131423330343543 1.16759356372111 -6.58190084396847 1.51572709466452e-09 1.78320834666414e-09 8.79835063885099 8.74879791172068
"52" "AT-aux-cistrans-IR8-ARF3-down" -0.0126231066683993 1.21016853081198 -5.01513572723315 1.98413809413856e-06 2.28939010862141e-06 1.75560089287534 5.64028019789506
"53" "AT-aux-cis-DR5-ARF5-2" 0.00140299683100698 1.03490288968978 4.17386998249321 5.90953359847701e-05 6.69003803601171e-05 -1.5264555047714 4.17457141305683
"54" "AT-aux-cis-IR8-TGTCNN" 0.00146410892810791 1.05092912048385 3.75893015512039 0.000271804664184963 0.000302005182427736 -2.98345516393957 3.51998560445855
"55" "AT-aux-cis-DR5-ARF2" 0.000699923109166319 1.02747159588676 3.52859640956203 0.000605203115230014 0.000660221580250925 -3.74104037145849 3.1803102842609
"56" "AT-aux-cis-DR5-ARF5-1" 0.000547293588506683 1.01679431409971 3.18821760183925 0.0018521437054885 0.00198443968445197 -4.78936790328215 2.70236209660956
"57" "majortrend" -4.88184090053135e-05 1.00000007564441 -0.782673010941339 0.435456279226395 0.458375030764627 -9.39071742029484 0.338779047882921
"58" "AT-aux-cis-IR8-ARF1" 0.000152449191880322 1.02050711846232 0.437897565857767 0.662296431826025 0.685134239820026 -9.60223045318352 0.164224327921689
"59" "AT-aux-cis-IR8-ARF6" 1.4907004156374e-05 1.01736916487237 0.0533383415965863 0.957556513262249 0.957556513262249 -9.69743550534946 0.0188355853241635
"60" "AT-aux-cis-IR8-ARF8" 1.4907004156374e-05 1.01736916487237 0.0533383415965863 0.957556513262249 0.957556513262249 -9.69743550534946 0.0188355853241635
