Rho1	p1	bonferroni1	BH1
ATH-aux-cis-DR5-ARF1	0.184989615353746	0.240857701159542	1	0.262362853048787
ATH-aux-cis-DR5-ARF2	-0.205804199359793	0.191022171692238	1	0.211860954058664
ATH-aux-cis-DR5-ARF3	0.822436250538945	2.39004859763339e-11	1.45792964455637e-09	3.64482411139092e-10
ATH-aux-cis-DR5-ARF5-1	0.430601706625104	0.00441906312317647	0.269562850513765	0.00550128266354622
ATH-aux-cis-DR5-ARF5-2	-0.250035190372643	0.110266978083511	1	0.12691105024706
ATH-aux-cis-DR5-ARF6	0.691824735900998	3.89601130161088e-07	2.37656689398263e-05	6.60157470550732e-07
ATH-aux-cis-DR5-ARF8	0.605444212275902	2.15678721918673e-05	0.00131564020370391	3.28910050925976e-05
ATH-aux-cis-DR5-TGTCGG	0.694946923501905	3.28401746676576e-07	2.00325065472711e-05	5.72357329922032e-07
ATH-aux-cis-DR5-TGTCNN	0.853137761947865	7.24011783203399e-13	4.41647187754073e-11	4.41647187754073e-11
ATH-aux-cis-IR8-ARF1	0.0340838813099025	0.830324941986	1	0.858471550188915
ATH-aux-cis-IR8-ARF2	0.563815044263807	0.000100972332356327	0.00615931227373594	0.000133898092907303
ATH-aux-cis-IR8-ARF3	0.768838696723373	2.73864194633527e-09	1.67057158726451e-07	8.35285793632257e-09
ATH-aux-cis-IR8-ARF5-1	0.795377291331083	3.1188482659227e-10	1.90249744221284e-08	1.90249744221284e-09
ATH-aux-cis-IR8-ARF5-2	0.72356697651022	6.16750703141591e-08	3.76217928916371e-06	1.10652332034227e-07
ATH-aux-cis-IR8-ARF6	-0.00962674510279689	0.951751854933561	1	0.951751854933561
ATH-aux-cis-IR8-ARF8	0.744381560516267	1.59624912201299e-08	9.73711964427921e-07	3.6063406089923e-08
ATH-aux-cis-IR8-TGTCNN	0.130351332337871	0.41062273429049	1	0.431861841236549
ATH-aux-reg-DR5-ARF1-down	-0.583068534469401	5.07606239893504e-05	0.00309639806335037	7.37237634131041e-05
ATH-aux-reg-DR5-ARF1-up	0.775083071925187	1.68668038639973e-09	1.02887503570383e-07	6.30535460444278e-09
ATH-aux-reg-DR5-ARF2-down	-0.519584053250956	0.000421489748553497	0.0257108746617633	0.000547039886420496
ATH-aux-reg-DR5-ARF2-up	0.799540208132293	2.15512420254711e-10	1.31462576355374e-08	1.67954037629045e-09
ATH-aux-reg-DR5-ARF3-down	-0.665286141293288	1.53544741179819e-06	9.36622921196895e-05	2.40159723383819e-06
ATH-aux-reg-DR5-ARF3-up	0.817752969137584	3.84143616281294e-11	2.34327605931589e-09	4.68655211863178e-10
ATH-aux-reg-DR5-ARF5-1-down	-0.29270508758504	0.0599540478943613	1	0.0717097435599223
ATH-aux-reg-DR5-ARF5-1-up	0.777684894925943	1.37196549869965e-09	8.36898954206788e-08	5.97784967290563e-09
ATH-aux-reg-DR5-ARF5-2-down	-0.460782853433873	0.00213421155781811	0.130186905026905	0.00271222718806051
ATH-aux-reg-DR5-ARF5-2-up	0.781847811727153	9.80218282075283e-10	5.97933152065922e-08	4.59948578512248e-09
ATH-aux-reg-DR5-ARF6-down	-0.570059419465621	8.11650256849962e-05	0.00495106656678477	0.000112524240154199
ATH-aux-reg-DR5-ARF6-up	0.797979114331839	2.47801039124821e-10	1.51158633866141e-08	1.67954037629045e-09
ATH-aux-reg-DR5-ARF8-down	-0.677774891696916	8.19450207317984e-07	4.9986462646397e-05	1.31543322753676e-06
ATH-aux-reg-DR5-ARF8-up	0.799019843532142	2.25809017651637e-10	1.37743500767498e-08	1.67954037629045e-09
ATH-aux-reg-DR5-TGTCNN-down	-0.572661242466377	7.40094893839635e-05	0.00451457885242177	0.000104990205870274
ATH-aux-reg-DR5-TGTCNN-up	0.775603436525338	1.61878773499207e-09	9.87460518345162e-08	6.30535460444278e-09
ATH-aux-reg-IR8-ARF1-down	-0.598679472473936	2.81273570231915e-05	0.00171576877841468	4.1848018985724e-05
ATH-aux-reg-IR8-ARF1-up	0.686100725299335	5.30052109126557e-07	3.233317865672e-05	8.73869693424864e-07
ATH-aux-reg-IR8-ARF2-down	-0.788092186928967	5.83783480476418e-10	3.56107923090615e-08	2.96756602575512e-09
ATH-aux-reg-IR8-ARF2-up	0.748544477317477	1.19936974640863e-08	7.31615545309262e-07	2.81390594349716e-08
ATH-aux-reg-IR8-ARF3-down	0.0117082035034016	0.941336316549222	1	0.951751854933561
ATH-aux-reg-IR8-ARF3-up	0.772481248924431	2.0679749310855e-09	1.26146470796216e-07	7.00813726645642e-09
ATH-aux-reg-IR8-ARF5-1-down	-0.737616820714302	2.51117233630596e-08	1.53181512514663e-06	5.10605041715545e-08
ATH-aux-reg-IR8-ARF5-1-up	0.788612551529118	5.58672947106911e-10	3.40790497735216e-08	2.96756602575512e-09
ATH-aux-reg-IR8-ARF5-2-down	-0.84689338674605	1.56708631439527e-12	9.55922651781116e-11	4.77961325890558e-11
ATH-aux-reg-IR8-ARF5-2-up	0.751146300318233	1.00031601577815e-08	6.1019276962467e-07	2.44077107849868e-08
ATH-aux-reg-IR8-ARF6-down	-0.734494633113395	3.08102813456401e-08	1.87942716208405e-06	5.87320988151264e-08
ATH-aux-reg-IR8-ARF6-up	0.774562707325036	1.75722997172995e-09	1.07191028275527e-07	6.30535460444278e-09
ATH-aux-reg-IR8-ARF8-down	-0.770920155123978	2.33398872285357e-09	1.42373312094067e-07	7.49333221547724e-09
ATH-aux-reg-IR8-ARF8-up	0.752187029518535	9.29698030675894e-09	5.67115798712295e-07	2.36298249463456e-08
ATH-aux-reg-IR8-TGTCNN-down	-0.765196144522315	3.60860388976916e-09	2.20124837275919e-07	1.00056744216327e-08
ATH-aux-reg-IR8-TGTCNN-up	0.741779737515512	1.90326176201589e-08	1.16098967482969e-06	4.00341267182653e-08
ATH-aux-trans-A-ARF	0.806304947934258	1.16006813517168e-10	7.07641562454724e-09	1.17940260409121e-09
ATH-aux-trans-ARF	0.840128646944085	3.4834852674412e-12	2.12492601313913e-10	7.08308671046377e-11
ATH-aux-trans-ConjugationDeconjugation	0.736055726913848	2.78253578136224e-08	1.69734682663096e-06	5.47531234397085e-08
ATH-aux-trans-IAA	0.743340831315965	1.71304431421577e-08	1.04495703167162e-06	3.73198939882722e-08
ATH-aux-trans-PolarAuxinTransport	0.753227758718838	8.6375584680782e-09	5.2689106655277e-07	2.29083072414248e-08
ATH-aux-trans-Receptors	-0.164695395947849	0.297283953465396	1	0.318145985287529
ATH-aux-trans-Synthesis	-0.251075919572946	0.108744324467654	1	0.12691105024706
ATH-aux-trans-Transport	0.729290987111883	4.3054954132621e-08	2.62635220208988e-06	7.95864303663601e-08
random1	0.765716509122466	3.47020917085919e-09	2.11682759422411e-07	1.00056744216327e-08
random2	-0.569018690265319	8.41990806259632e-05	0.00513614391818375	0.000114136531515195
random3	0.229740970966747	0.143298490283589	1	0.161874220505535
majortrend	-0.414990768620568	0.00628133594098535	0.383161492400106	0.00766322984800212
