"iSensor" "effect" "AveExpr" "t" "p_value" "p_adj" "B" "neglog10_fdr"
"1" "ATH-aux-trans-IAA" 1.12820108099215 7.53582974799436 45.0582579445646 4.28036520741677e-74 2.61102277652423e-72 158.818433898122 71.5831893397145
"2" "ATH-aux-reg-DR5-ARF3-up" 0.721021171626733 7.58654403928128 43.2194771383781 3.68798599058889e-72 1.12483572712961e-70 154.343484523159 69.9489108980063
"3" "ATH-aux-reg-IR8-ARF3-up" 0.832136416619498 6.69806239421945 41.90271639844 9.95640117707849e-71 2.02446823933929e-69 151.033133355094 68.6936890322262
"4" "ATH-aux-reg-IR8-ARF8-up" 0.636407245186325 6.99594519526862 39.5893161271578 4.08565035239604e-68 6.23061678740396e-67 144.987883405547 66.2054689591021
"5" "ATH-aux-reg-IR8-ARF5-1-up" 0.648083578822946 6.97965018028498 38.7978320487329 3.43432149934544e-67 4.18987222920144e-66 142.848546032733 65.3777992207089
"6" "ATH-aux-reg-IR8-TGTCNN-up" 0.623430744091422 7.07815129775171 38.6015937171106 5.85591221283494e-67 5.95351074971552e-66 142.312271079686 65.2252268578702
"7" "ATH-aux-reg-IR8-ARF5-2-up" 1.05246664028415 6.85999088146594 35.8345102807648 1.40436007728012e-63 1.22379949591553e-62 134.489933010339 61.9122897300257
"8" "ATH-aux-reg-DR5-TGTCNN-up" 0.588776297913989 6.85291480976846 34.1403785857223 2.12267496523724e-61 1.61853966099339e-60 129.444812303527 59.7908766540992
"9" "ATH-aux-reg-IR8-ARF2-up" 0.653910093168639 7.16295616648778 33.9898162212323 3.34875887267626e-61 2.26971434703613e-60 128.986421627148 59.6440287971294
"10" "ATH-aux-reg-DR5-ARF1-up" 0.506520829630697 7.20089448940902 28.9939454532615 3.42551271369323e-54 2.08956275535287e-53 112.754931844351 52.6799445812592
"11" "ATH-aux-reg-DR5-ARF6-up" 0.423985273592323 7.42710353234938 28.5997463773534 1.34017563794912e-53 7.43188308317238e-53 111.382940633342 52.1289011311905
"12" "ATH-aux-trans-ConjugationDeconjugation" 0.537199470172481 7.96671529734445 28.5261088237998 1.73188255733209e-53 8.80373633310478e-53 111.125053644681 52.0553329727966
"13" "ATH-aux-reg-DR5-ARF5-2-up" 0.513484127723537 6.98390915043683 26.0477119754091 1.31231619579889e-49 6.15779138028711e-49 102.140400368327 48.2105750286392
"14" "ATH-aux-reg-DR5-ARF8-up" 0.432174427027468 7.34172017425158 25.4665110902032 1.16531237073909e-48 5.07743247250603e-48 99.9439640841065 47.2943558437997
"15" "ATH-aux-reg-DR5-ARF5-1-up" 0.37968544353466 6.92389615358241 25.2477164908428 2.67573796866002e-48 1.08813344058841e-47 99.1079156517589 46.9633178427283
"16" "ATH-aux-cis-IR8-ARF5-2" 0.0826013231728385 6.59968521761053 24.572810911611 3.58888779362207e-47 1.36826347131841e-46 96.4967103471227 45.8638302672926
"17" "ATH-aux-reg-IR8-ARF6-up" 0.421724517787368 7.36017256711574 23.9170939037636 4.68816902787582e-46 1.68222535706132e-45 93.9121327149114 44.7741158249636
"18" "ATH-aux-cis-IR8-ARF5-1" 0.0364089102594059 6.66007795552426 19.427812515582 7.83754140953977e-38 2.65605569989959e-37 74.8726033463183 36.5757628216589
"19" "ATH-aux-trans-PolarAuxinTransport" 0.475988882381259 7.35632535259369 19.0557629948944 4.20391934849395e-37 1.34967936977964e-36 73.1841668739644 35.8697693903746
"20" "ATH-aux-trans-Transport" 0.276846712721743 7.49713735018231 17.9941755947808 5.5833982038272e-35 1.7029364521673e-34 68.270484777037 33.7688015581372
"21" "ATH-aux-trans-A-ARF" 0.298546775015546 7.36642110872618 17.797862924077 1.40066347427909e-34 4.06859390147734e-34 67.3462402878119 33.3905556562143
"22" "ATH-aux-cis-IR8-ARF3" 0.0601970536917737 6.56207195518422 17.7018531711631 2.20016770497941e-34 6.10046500017017e-34 66.8924557978633 33.2146370601841
"23" "ATH-aux-cis-DR5-TGTCNN" 0.047381090619492 6.54340008041324 17.679172474148 2.44827569081952e-34 6.49325291913003e-34 66.785087352914 33.1875376805643
"24" "ATH-aux-reg-DR5-ARF2-up" 0.330445640986783 7.1600819004483 17.6287558334482 3.10537210488296e-34 7.89282076657752e-34 66.5461875219878 33.1027677592205
"25" "ATH-aux-cis-DR5-TGTCGG" 0.157456366126068 6.27919956187574 17.3875473384748 9.72836256758788e-34 2.37372046649144e-33 65.398798854924 32.6245704256544
"26" "ATH-aux-trans-ARF" 0.231897685155386 6.29655406072897 17.0349048008241 5.23369235524135e-33 1.22790474488355e-32 63.7082236488026 31.9108353224261
"27" "ATH-aux-reg-IR8-ARF2-down" -0.326931329055599 7.72913959424845 -16.9508829805881 7.83293478587022e-33 1.76966304421512e-32 63.303133838049 31.7521094183664
"28" "ATH-aux-reg-IR8-ARF1-up" 0.381553701550954 6.56739328682847 16.7299360576452 2.2711570984589e-32 4.94787796449974e-32 62.2337149925324 31.305581020441
"29" "ATH-aux-cis-IR8-ARF8" 0.0453852027663953 6.61677111633159 16.3416017957821 1.49695992860401e-31 3.14877778085671e-31 60.3395381251485 30.5018579878084
"30" "ATH-aux-reg-IR8-ARF8-down" -0.32573601837677 7.58780911150899 -16.2298551011236 2.5844745784744e-31 5.25509830956462e-31 59.7910573445524 30.2794191550112
"31" "ATH-aux-reg-IR8-ARF6-down" -0.259970634497131 7.2840232342781 -15.2062093799293 4.12457711344262e-29 8.11610335225806e-29 54.6974038393126 28.0906524312013
"32" "ATH-aux-reg-IR8-ARF5-1-down" -0.302606871390684 7.36492253726167 -14.6606769653695 6.47405888451847e-28 1.23411747486133e-27 51.9335773965475 26.9086434981182
"33" "ATH-aux-reg-DR5-ARF6-down" -0.224130156284353 7.20028564194225 -14.5435012233687 1.17466397925839e-27 2.17134856772005e-27 51.3356684958767 26.663270453429
"34" "ATH-aux-reg-IR8-TGTCNN-down" -0.240159928175893 6.87892684676408 -14.2380744215988 5.58948466641347e-27 1.00281930779771e-26 49.7703378183248 25.9987773129375
"35" "ATH-aux-cis-DR5-ARF3" 0.0386382813479003 6.54292800079341 13.4196216294554 3.83118273715e-25 6.67720419903287e-25 45.529691940818 24.1754053421794
"36" "ATH-aux-cis-IR8-ARF2" 0.026978976388298 6.51188395693167 12.142024488671 3.17039149478235e-22 5.37205225504788e-22 38.795749687208 21.2698597715118
"37" "ATH-aux-reg-DR5-TGTCNN-down" -0.19853806053635 7.79219292265306 -11.7370711120347 2.73140416347324e-21 4.50312578302346e-21 36.6389496614225 20.3464859219889
"38" "ATH-aux-reg-DR5-ARF3-down" -0.280162301413163 7.73839159929415 -11.4879147210246 1.03202316549736e-20 1.65666876566681e-20 35.3081353255967 19.7807643157347
"39" "ATH-aux-reg-DR5-ARF2-down" -0.207671149388278 7.42125861991379 -11.2670983800238 3.35962933371236e-20 5.2548048552937e-20 34.1268066105805 19.279443407484
"40" "ATH-aux-reg-DR5-ARF8-down" -0.180526885749317 7.06369399497904 -10.8300959076995 3.48915335333069e-19 5.3209588638293e-19 31.7853784447183 18.2740100985797
"41" "ATH-aux-reg-IR8-ARF5-2-down" -0.260093760069045 8.11529691181743 -10.7746775203794 4.69623558479551e-19 6.98708221152502e-19 31.488249509591 18.1557041467125
"42" "ATH-aux-reg-DR5-ARF5-1-down" -0.180018345759023 7.55918276908426 -10.2255782287348 8.92740144226548e-18 1.29659878090046e-17 28.5444036603051 16.8871943910691
"43" "ATH-aux-trans-Synthesis" -0.115037607907284 5.12393283186338 -9.18675918828691 2.30714749937758e-15 3.27293017353564e-15 22.9998271046292 14.4850632600668
"44" "random2" -0.0162382675332988 6.40901210123781 -8.08362876995852 7.70222406441994e-13 1.06780833620367e-12 17.2146224232965 11.9715066929994
"45" "ATH-aux-reg-IR8-ARF1-down" -0.181588303788102 7.85931799012892 -7.94102169419263 1.61392651858407e-12 2.18776705852507e-12 16.4795389519445 11.659998921179
"46" "ATH-aux-cis-DR5-ARF1" 0.0221604743282061 6.77515300478462 7.91023379954272 1.89257991447757e-12 2.50972553876373e-12 16.3213209916076 11.6003737699603
"47" "ATH-aux-trans-Receptors" -0.112063912586542 7.64985928944985 -7.17498938651086 8.0474593186265e-11 1.0444574860345e-10 12.6017979079953 9.98110923299951
"48" "ATH-aux-reg-DR5-ARF1-down" -0.155380533832059 7.50379604575993 -6.85822889488596 3.90007790773942e-10 4.95634900775218e-10 11.0402028540698 9.30483811980925
"49" "ATH-aux-reg-DR5-ARF5-2-down" -0.18156188229352 7.28699558102582 -6.80200459117381 5.14688897177713e-10 6.4073515771103e-10 10.7660032037176 9.19332144522777
"50" "ATH-aux-reg-IR8-ARF3-down" -0.105851867988797 7.96091837985884 -5.38890467100356 3.91349117226996e-07 4.77445923016935e-07 4.24148460324358 6.32107581081385
"51" "ATH-aux-cis-DR5-ARF6" 0.00969858818909865 6.58303429357562 5.14018837030425 1.16011027916822e-06 1.38758288292669e-06 3.18088696014737 5.85774106620699
"52" "majortrend" -0.00488359283418613 6.41211717139243 -5.04355832153032 1.75593141738943e-06 2.05984262424529e-06 2.77718886400125 5.68616595925838
"53" "ATH-aux-cis-DR5-ARF8" 0.0078777437311849 6.60632527541412 4.86047103922761 3.80363671507527e-06 4.37777055886022e-06 2.02573273046687 5.35874700376217
"54" "ATH-aux-cis-DR5-ARF5-2" 0.00630103219825818 6.67096000971029 2.31222767596423 0.0225747311755247 0.0255010852167964 -6.15922740675068 1.5934413374626
"55" "ATH-aux-cis-IR8-ARF1" -0.00557416890729133 6.56196780936733 -1.88750973874654 0.0616546991966689 0.06838066638176 -7.0246866219325 1.16506667124181
"56" "ATH-aux-cis-IR8-TGTCNN" 0.00556749547574037 6.79698621108763 1.8038886121274 0.0739103168308487 0.0805094522621744 -7.17580095123761 1.09415312802573
"57" "ATH-aux-cis-IR8-ARF6" -0.00363126716157567 6.5358689354982 -1.54637250489122 0.124808015027213 0.133566472222106 -7.6002960129341 0.874302544527502
"58" "random3" 0.00273044431300281 6.51829751020597 1.05325865982866 0.294467257116211 0.309698322139463 -8.23692687984972 0.509061147525184
"59" "ATH-aux-cis-DR5-ARF2" 0.000883723796623028 6.61485121255784 0.510475399169718 0.610713246321489 0.631415390264591 -8.6623914995372 0.19968483672076
"60" "ATH-aux-cis-DR5-ARF5-1" -0.000474730000251969 6.53119734541866 -0.293736432972506 0.769497613361268 0.782322573583956 -8.75015960865995 0.106614138191265
"61" "random1" 0.00101463770761919 6.55323538150118 0.216013970516438 0.829365932303026 0.829365932303026 -8.7701280275795 0.0812538080323779
