"control_1_auxin_seedling_2h_okushima" "control_2_auxin_seedling_2h_okushima" "control_3_auxin_seedling_2h_okushima" "treat_1_auxin_seedling_2h_okushima" "treat_2_auxin_seedling_2h_okushima" "treat_3_auxin_seedling_2h_okushima" "control_1_auxin_root_2h_vanneste" "control_2_auxin_root_2h_vanneste" "treat_1_auxin_root_2h_vanneste" "treat_2_auxin_root_2h_vanneste" "control_1_auxin_root_2h_bargmann" "control_2_auxin_root_2h_bargmann" "control_3_auxin_root_2h_bargmann" "treat_1_auxin_root_2h_bargmann" "treat_2_auxin_root_2h_bargmann" "treat_3_auxin_root_2h_bargmann" "control_1_auxin_root_2h_lewis" "control_2_auxin_root_2h_lewis" "control_3_auxin_root_2h_lewis" "treat_1_auxin_root_2h_lewis" "treat_2_auxin_root_2h_lewis" "treat_3_auxin_root_2h_lewis" "control_1_auxin_root_2h_derybel" "control_2_auxin_root_2h_derybel" "control_3_auxin_root_2h_derybel" "treat_1_auxin_root_2h_derybel" "treat_2_auxin_root_2h_derybel" "treat_3_auxin_root_2h_derybel"
"ATH-aux-cis-DR5-ARF1" 6.57730764991991 6.6030537121918 6.59003570652062 6.61944592966998 6.63550639638168 6.63950240414833 6.58814384196195 6.56079201190568 6.64343131687217 6.65464400765243 6.59898699813445 6.6120942959924 6.59482574294128 6.60392245184808 6.63767547056107 6.61364752734825 6.60219259385727 6.60177531113282 6.59643662389714 6.62699549138657 6.62578596028512 6.6235921933163 6.59223113136602 6.58769779179302 6.60503687754144 6.60507408773691 6.64695111329163 6.64162403210663
"ATH-aux-cis-DR5-ARF2" 6.42775332985158 6.41993650296123 6.43615759582654 6.44629650175302 6.4369745213386 6.44996569061114 6.43414822707176 6.42699219194829 6.43700629419186 6.44238589484248 6.44293047115445 6.42079942140646 6.43395450724054 6.44172427735484 6.43791119348095 6.44154015411116 6.43082123060523 6.42601841331709 6.43417709743083 6.45049433699601 6.43961178941395 6.44834436739571 6.43490061777482 6.43350232345899 6.43733536070975 6.43117312413377 6.44511002983791 6.43933511254157
"ATH-aux-cis-DR5-ARF3" 6.38023386431865 6.38730210899645 6.37319296026396 6.4474560707888 6.45713895769542 6.43674206028847 6.41314083962209 6.38731722475602 6.43668390969212 6.4184739732127 6.4150797862942 6.38925915546349 6.40017983019252 6.43006978938211 6.44368610412458 6.40734846881671 6.39043561362225 6.41319896819509 6.36824571277326 6.43321360448436 6.4468920064451 6.43188033111063 6.39416548724061 6.41850106896534 6.40910521429975 6.42222002808457 6.42542722547485 6.42005745155755
"ATH-aux-cis-DR5-ARF5-1" 6.3729182819774 6.37363779241488 6.37038280835895 6.37253887688134 6.37713133186633 6.37207933915804 6.37192365709268 6.36310144692841 6.37982701765067 6.37638037289084 6.37645580232347 6.38143852233597 6.38163679779143 6.36965451771318 6.37097698305461 6.3607203870392 6.36718917020174 6.37049889640439 6.36871500119271 6.38532173638957 6.38114738325158 6.37254427162056 6.3695224379108 6.36097759924263 6.37220270692945 6.37678913390215 6.38433624378931 6.38211635295491
"ATH-aux-cis-DR5-ARF5-2" 6.51935796711631 6.53135990698383 6.52116054845614 6.54955340359718 6.54782923056109 6.55132955765798 6.54293333324399 6.51670719549637 6.55230593360931 6.53671227591741 6.53801103563475 6.53086624117989 6.52844468197478 6.53070838985117 6.55245754164555 6.54269305871039 6.53943647512024 6.52761168232715 6.51312347690346 6.54573430252279 6.55313745067749 6.54680408032959 6.54534239488329 6.53316785753594 6.5345387128548 6.53691992492948 6.54970497882334 6.53093881741637
"ATH-aux-cis-DR5-ARF6" 6.39445274730946 6.40027367823728 6.41682588863082 6.41210812698802 6.40197871548766 6.40710052869133 6.39962912429481 6.39305820161493 6.41151438284104 6.4148977621919 6.39735853148777 6.39071842819249 6.39377268579426 6.41861506531975 6.41458569508497 6.41488376272461 6.39475448806108 6.39051059179362 6.39143856205711 6.42599548937161 6.42954002989376 6.41123663828661 6.39435068774408 6.38721646054449 6.39920381711936 6.41290079433743 6.41217141626174 6.43081806534705
"ATH-aux-cis-DR5-ARF8" 6.42932743807877 6.43765463954161 6.44165548012829 6.44197532579802 6.4443254564826 6.43905127725591 6.44027826695234 6.42934987741896 6.43758487617791 6.44630621044665 6.43198185600741 6.4435947337064 6.43935684867763 6.43290616567712 6.4444173334452 6.44008973701497 6.42750145843711 6.42518956852758 6.42306250713547 6.45500214188939 6.45940227204897 6.44466185335457 6.43359484868777 6.42448145705671 6.43740054843106 6.44341837004125 6.44629643910671 6.45272547578359
"ATH-aux-cis-DR5-TGTCGG" 6.06238901789814 6.02239559317504 5.92270931568818 6.21002346759343 6.23318057542554 6.21382023758627 6.03468110227965 5.97246025356029 6.23377887347285 6.19338887034366 6.05141019343899 6.0633682381913 5.9393153094397 6.20514406933827 6.22470084977029 6.20644006180062 5.99752840995255 5.90883179454435 6.13656670034544 6.25717980418355 6.22259886242795 6.17963452291171 5.95261331889681 5.96986129129854 6.02016029413045 6.20129707660381 6.24583998587957 6.29803528827434
"ATH-aux-cis-DR5-TGTCNN" 6.3336994422282 6.33187619044762 6.36115408613275 6.36985825852225 6.36691793925164 6.3689812316437 6.32486951735826 6.31138433271017 6.38661117070216 6.39100514840697 6.34321874938103 6.33828591432184 6.32070259036972 6.36948280311885 6.38039780484515 6.38083798625434 6.32101506167289 6.3177846925595 6.33583161733783 6.40562695614949 6.39756198338033 6.36611263229954 6.3197728688807 6.31408963224034 6.32993258325715 6.38694012734836 6.38151601561733 6.40272705907818
"ATH-aux-cis-IR8-ARF1" 6.3715903206755 6.40178986001406 6.41221510937317 6.42146667418705 6.41100052090914 6.40126716076335 6.43159525930687 6.38684873602961 6.39463733721493 6.39587763527207 6.40337524619708 6.42732047328904 6.40209374662696 6.38854003424122 6.40177103410263 6.39170070279384 6.39804485393561 6.42098802614367 6.38915697238859 6.41460592909843 6.3948655507319 6.4000064894823 6.40905247337342 6.411186142447 6.41752598346507 6.38614062819568 6.38568788712603 6.41989599992104
"ATH-aux-cis-IR8-ARF2" 6.3299892798362 6.3119868795097 6.30838557981281 6.35971891510546 6.35291817641054 6.35965321270766 6.31188273347598 6.31104513799677 6.36066319495638 6.34659104228698 6.31164576044677 6.32335712006724 6.3074678760412 6.35407281196847 6.35075492545283 6.36704847139412 6.32477201423841 6.32490821149844 6.30117908452778 6.38327029542877 6.34566427456599 6.3414275122862 6.2993017130412 6.29197392522321 6.31349492356835 6.3699144730919 6.36141501580845 6.37788766809424
"ATH-aux-cis-IR8-ARF3" 6.36305357913782 6.35418490927961 6.37371467463796 6.47601409824055 6.44302984821693 6.43838500720617 6.3652427573865 6.35352176232235 6.45275954771909 6.46189640165114 6.35563338450465 6.37930615887697 6.39019218453843 6.44819249079662 6.42764947519727 6.44918182770333 6.3778750583959 6.35298498504764 6.37903195992254 6.48753122132983 6.45903160160749 6.40254639709354 6.35758258548909 6.37132443820245 6.36551297412455 6.44214961119577 6.47103214974396 6.45079979907966
"ATH-aux-cis-IR8-ARF5-1" 6.48676582506404 6.4891377953327 6.49313543884815 6.53806850286135 6.52937702127826 6.53068770018983 6.47219189859421 6.47913897487084 6.54873410864775 6.53765408911382 6.48910439725025 6.4802080772841 6.49118396956138 6.53893989075802 6.53162326475398 6.53840852084548 6.492679062226 6.4884181751512 6.49306134483878 6.55438260766801 6.51755726557373 6.53413827931077 6.47615854712745 6.48130043728825 6.48472037084564 6.55031347666306 6.54334713376478 6.53976907428936
"ATH-aux-cis-IR8-ARF5-2" 6.41287895331129 6.4003074162098 6.39596912183031 6.54150828513817 6.53747952395631 6.52311334782416 6.40786857849182 6.40956398743557 6.526430135042 6.52315170995542 6.39851159186306 6.43625242847234 6.4173662279455 6.52966816407025 6.51350117489133 6.51688378229524 6.42008822168743 6.40630415839357 6.42127760291193 6.5617610734415 6.51588141466337 6.4840621487925 6.38190199113292 6.40125346208976 6.4040126116649 6.54295846542573 6.53184407649927 6.54976822082531
"ATH-aux-cis-IR8-ARF6" 6.36124187211454 6.36842088377165 6.35814320116311 6.35461870558795 6.35375271803771 6.35777362143916 6.35871196821148 6.35007310570955 6.36583914264622 6.35157896379684 6.35381341775432 6.35527957248037 6.33440967894006 6.383722374786 6.35412115913909 6.36485526687342 6.36196885557802 6.35173671519529 6.35270410359739 6.36843127331276 6.34674177906501 6.36851734523579 6.35198842408141 6.34425223837296 6.35919970507442 6.37054087677896 6.35227454444089 6.36704240866401
"ATH-aux-cis-IR8-ARF8" 6.41921886833468 6.42269107433349 6.43400554064641 6.47854566670811 6.4679370996145 6.47451089796092 6.4144298318613 6.40774857276021 6.48070577258486 6.48479974842888 6.42351175862465 6.42789384536499 6.42774323800361 6.47115925105475 6.47174579160303 6.47163366744361 6.42030689004441 6.40809159196281 6.42676279622773 6.51292046556753 6.47722051061383 6.4616066456539 6.40891515534889 6.41023372018606 6.40646190188754 6.48631990483921 6.48410995680182 6.5021477456718
"ATH-aux-cis-IR8-TGTCNN" 6.68122777266526 6.69560621904136 6.67967537280973 6.68498764981229 6.69911897548705 6.67788933693688 6.65961700709249 6.66997008214417 6.71454924865476 6.69765850614924 6.68236194279004 6.70740654138604 6.70360764287838 6.672340869459 6.67528085923219 6.68155434745557 6.66511838087275 6.67223233875502 6.67797373865971 6.7210672716057 6.68542905955677 6.69528198027295 6.66679873866286 6.67574333270899 6.66447646778437 6.71216903427994 6.69498475146167 6.70573211867317
"ATH-aux-reg-DR5-ARF1-down" 7.5662267448467 7.60341587239817 7.59910403410737 7.49217874156688 7.48741497956098 7.42744559808168 7.67910077542718 7.66744970978015 7.3026265087081 7.48163827437673 7.694500833314 7.78312923874116 7.76025840481173 7.37582333906227 7.32087508873465 7.25586856102072 7.49231812998365 7.61970482004485 7.57290458749828 7.31871993825512 7.41939216085883 7.68087048256416 7.72235260138415 7.76902082941645 7.71922612669092 7.34932263719858 7.38646040093209 7.23878629454078
"ATH-aux-reg-DR5-ARF1-up" 6.75027388663701 6.6709620882128 6.76650726671707 7.30538856083376 7.30633094030227 7.31135470312633 6.63530732803188 6.61779390922779 7.41862638604928 7.40009435158845 6.65590342668368 6.71375246744141 6.67574991926436 7.30168182593113 7.37105478218729 7.38122427638017 6.75740484387641 6.73893642255848 6.83110853455022 7.34339624506815 7.36820984979478 7.11481954725471 6.7144103554055 6.60451189943226 6.73976593516229 7.28754597193845 7.43694310433583 7.35307021335505
"ATH-aux-reg-DR5-ARF2-down" 7.40407297261043 7.39580388511091 7.3661873687056 7.20596308247036 7.19706347112949 7.13953710625791 7.46164297511281 7.43633036354373 7.10850928197956 7.13180064401012 7.46366179066047 7.49703358401464 7.46576680286508 7.06988478786933 7.11147176989711 7.07061654633944 7.3578844646048 7.43616448512179 7.46502722584995 7.01915546486149 7.00428946529697 7.3773852802073 7.50446372141124 7.51391356855923 7.5070703802663 7.09942991156052 7.07362602659758 7.01077120151796
"ATH-aux-reg-DR5-ARF2-up" 6.73385511797272 6.69955478449394 6.80706441850276 7.15962728295928 7.09678033162567 7.14548308776557 6.66153660700756 6.65777566643124 7.23467967429762 7.19358124423471 6.67486303038623 6.62272703219634 6.67120037639973 7.21451733138315 7.21656236700885 7.25314853479223 6.74250139269299 6.70611907133158 6.75441659039902 7.30828223003162 7.26116578407961 6.9445684304471 6.63033587608679 6.60066324248897 6.65192230879931 7.2107157870277 7.26573209638298 7.3018715629145
"ATH-aux-reg-DR5-ARF3-down" 7.81700456957336 7.97481101837955 7.80303746101675 7.58834745505405 7.63780347826692 7.45820241373177 7.90278456283547 7.94749144282502 7.47399206005775 7.54632051095996 7.92036905680061 7.97705128650591 8.03158856692919 7.42427936822478 7.4846147613885 7.42521398590908 7.81421444099032 7.99239488994981 7.90957436475707 7.35821821414042 7.45790039427675 7.71500892523358 8.01668337997316 7.97988811015955 8.00496335124519 7.40465973742078 7.55233471304359 7.37000656178183
"ATH-aux-reg-DR5-ARF3-up" 7.16984200905231 7.16275538891427 7.00881719116741 7.99315247077392 8.00039820771027 7.9195244740416 7.14012471325527 7.0902555340738 8.00666727992902 7.94668741433819 7.06143543620006 7.0315812633535 7.04868743950501 8.04879427326091 7.99439361119988 8.06380638398098 7.16928304906637 7.21103555714503 7.05496829373134 8.04722879208846 8.08564358848709 7.71844772080584 7.05998727557209 7.13943905519732 7.10139006939069 8.04933205355293 8.00529247216497 7.92183653317463
"ATH-aux-reg-DR5-ARF5-1-down" 7.58387889159357 7.58953861464596 7.5088746207953 7.33593006521229 7.34122655005697 7.30783715885423 7.61442107074055 7.59849375731893 7.25103022714479 7.30406079945826 7.60433688035879 7.65410214845551 7.61148549537724 7.23777950054105 7.27327631336984 7.25768460975601 7.43950207469365 7.56107310197081 7.59986789301878 7.24481174334762 7.27877336167381 7.47765679303885 7.64806716926429 7.58349411272914 7.64471036242172 7.27444429240246 7.26933134440226 7.23240610772707
"ATH-aux-reg-DR5-ARF5-1-up" 6.56087834977749 6.51214457182166 6.57814741968471 7.01802551023925 7.04940632839721 6.99350859101394 6.47749890318743 6.43340074709102 7.13458044481258 7.09529774079419 6.50599121944029 6.51144082488956 6.54131255400134 7.07087364830912 7.01067817017662 7.08536743350144 6.57851481134659 6.52474818686007 6.5823712855409 7.13989350352663 7.14078221597076 6.80441868565196 6.46916964923645 6.44032113513396 6.47681839857916 7.10702431763286 7.13188201088495 7.12467003585298
"ATH-aux-reg-DR5-ARF5-2-down" 7.43690308173979 7.47235132459929 7.32473989669089 7.30790294362234 7.2587594700339 7.11792064856184 7.4786855571163 7.45336262210718 7.13510349280937 7.2298106623727 7.5188671036758 7.62977716239964 7.65605531526525 7.02309112543212 7.08161453552165 7.00557129935809 7.28777036518379 7.4612470082656 7.51767335030859 6.98037978711501 7.12545735686962 7.46450925489598 7.54065949109057 7.64589495788186 7.51458020286178 7.13530279818363 7.17040635490167 6.93602127038005
"ATH-aux-reg-DR5-ARF5-2-up" 6.59155785364292 6.51121526342499 6.51724107335786 7.12790318738943 7.1447705008125 7.16113380896878 6.48451073968497 6.36374168618304 7.30929130553022 7.19883282081353 6.46020899241103 6.44651724816031 6.39757886272595 7.21887577895145 7.22774410068969 7.28993713053697 6.52844239976901 6.51399430946763 6.55992225974784 7.31624750205029 7.31119820252815 6.85961497948378 6.45398711425099 6.35993466962222 6.45860464489965 7.26105661790832 7.28012176896519 7.2199933408115
"ATH-aux-reg-DR5-ARF6-down" 7.12411811341782 7.15860186246676 7.20758662942922 6.83764519910525 6.79710194896515 6.83787705398239 7.16708730969163 7.13153312105864 6.81166650793514 6.85614452774419 7.18963980307585 7.1836252087406 7.15902345390058 6.76434734705473 6.83623829692315 6.78813340257802 7.05278782446972 7.12569854091147 7.20884134519931 6.74195696457751 6.77220859260048 7.02546009857641 7.17282567266257 7.16480685430509 7.22214415481943 6.78793809703528 6.80754838667427 6.782058323583
"ATH-aux-reg-DR5-ARF6-up" 6.99871613406128 6.96322470942257 7.03711963311413 7.51224663557997 7.4936556034663 7.49394695875457 6.9778991157293 6.92048166349986 7.5689634610549 7.52144907746793 6.93690933222645 6.94396082690363 6.93336916046442 7.56212000071058 7.55311481901147 7.57912272400349 7.03180600682749 6.98003664586283 6.96944169317177 7.62581336316726 7.61145767857897 7.32642386612138 6.9373310271939 6.9228332779984 6.96441497305752 7.54719428036303 7.53008750529513 7.59851095615544
"ATH-aux-reg-DR5-ARF8-down" 6.98732234190625 7.10624522023931 6.99398260058386 6.85940797978514 6.83913350462627 6.76968203215097 7.05302349242607 7.06847810118508 6.72812928713293 6.84015344913415 7.05552374291952 7.10755204920572 7.09825254546626 6.66841550839633 6.77794247115868 6.79678322079706 6.9457056870585 7.04495897690421 7.09164660734637 6.68878522101837 6.71746211587527 6.99405138963501 7.09686362660199 7.11047903052925 7.075591018949 6.81006009459988 6.77119777543872 6.6655303123483
"ATH-aux-reg-DR5-ARF8-up" 6.90977020956858 6.91452786404557 6.88658372875593 7.41642746822798 7.42889043788752 7.36503207036419 6.82109689862271 6.79214052820728 7.52042149335708 7.48252025592151 6.82310124609755 6.78539217033939 6.87178543779652 7.45870872363229 7.48163895954002 7.50496994260069 6.91595866184455 6.85086274048746 6.94980800290917 7.55839052563399 7.52747876655527 7.17525513312957 6.7993512137831 6.73783421306385 6.7804295299063 7.48851203091494 7.57660438271045 7.55780944517019
"ATH-aux-reg-DR5-TGTCNN-down" 7.7477487749712 7.85665039496853 7.73040310307181 7.46152872497217 7.46117682359149 7.47400364359755 7.74888224442952 7.75998621816094 7.47993205132627 7.50243122322805 7.80897214017243 7.80832362994724 7.77479932038208 7.37220992735683 7.49627758540201 7.42048091425983 7.69799117309188 7.78284681948658 7.78679362263601 7.35218343437652 7.42098447687551 7.62814272879919 7.77873462786895 7.82834804619354 7.80896852961115 7.46171370336224 7.45496876272876 7.3879491139334
"ATH-aux-reg-DR5-TGTCNN-up" 6.28530572500612 6.1843626692759 6.36685478931661 7.00224621092348 7.01032256611583 6.93738285965151 6.23445595076387 6.15323798764464 7.1048662949495 7.01793396203741 6.22962111354629 6.27864193777466 6.24909612078298 6.9356462596428 7.04073091693304 7.04979520739232 6.31369091082151 6.21070231462704 6.33498990672048 7.15201047701817 7.13325318143666 6.6951068234361 6.18559920850122 6.15663279524919 6.25038206711186 7.03732607479911 7.08588172605426 7.08089412057265
"ATH-aux-reg-IR8-ARF1-down" 7.73356816244445 7.87319685196907 7.73409504329871 7.59349801988518 7.5794191063689 7.58693407904277 7.86688853953257 7.7937015727912 7.50828623850331 7.55271766205167 7.90338747129338 7.90113690146947 7.70612618500208 7.57064511153511 7.51352182115687 7.47770970590843 7.74417797830878 7.91731738302832 7.64086474076768 7.53124820665789 7.52754224778587 7.74104824687743 7.85940109182377 7.85566470344261 7.93018244876372 7.5594453635273 7.40036284846024 7.53482737001658
"ATH-aux-reg-IR8-ARF1-up" 6.24517356902563 6.10293690839438 6.45530232629046 6.91020718128994 6.88844884649021 6.86813452289496 6.42643172171826 6.29843694387527 6.93721658135223 6.66835193797209 6.22512698603793 6.41252400171991 6.26821096217095 6.84318655960211 6.82000748072032 6.9269651329548 6.22532455000713 6.44978651820684 6.34520067958404 7.12475644779288 6.63271718197988 6.69016959253652 6.41794865599814 6.39285653129168 6.35659288072276 6.71195273017588 6.90205111463728 6.73704451077395
"ATH-aux-reg-IR8-ARF2-down" 7.88976948019983 7.96196005809628 7.78318897870112 7.49457759737887 7.4799172270925 7.38923732677082 7.8683017975809 7.78148751872392 7.51613024976116 7.48103308516614 8.06687999334223 8.03790852527839 7.90517134389144 7.34591343099434 7.39733713645318 7.23094764481475 7.80811866449272 7.90493431315105 7.87484088945025 7.39544832819775 7.32531100297554 7.64477384752367 7.9134749745624 7.80800972631309 7.85911265623646 7.46862412853851 7.46576676286934 7.48393795140472
"ATH-aux-reg-IR8-ARF2-up" 6.64828544089792 6.66975561495081 6.62673140737547 7.5143775048132 7.47004093488607 7.49612075990524 6.5345267333827 6.62290739165867 7.54840861130975 7.57635477450131 6.66501047182908 6.56182326899496 6.59505948655762 7.56906243649761 7.53155388685112 7.51317003948721 6.69502254181262 6.70297494423785 6.76815547855818 7.53986288221606 7.54110786323214 7.21322184161579 6.52599330279726 6.54152076167462 6.58743871406877 7.59617774000995 7.5877420377055 7.60937073700249
"ATH-aux-reg-IR8-ARF3-down" 7.82890798271212 8.17271497407835 7.97774146022463 7.71398239250477 7.69616911083122 7.51659510702081 7.77869619862209 7.6555261478449 7.85855535479828 7.96266985765653 8.02493042810979 7.98058768644839 8.0548433666077 7.60475044587435 7.71321417993238 7.52888411586007 7.78145051239492 8.01143800844889 7.93410107916174 7.62181909139376 7.75860761700633 7.76340696366285 7.9790025355704 7.75671972497757 7.89696944627175 7.715525108041 7.71604753602866 7.83074750663629
"ATH-aux-reg-IR8-ARF3-up" 5.90560992567281 5.84081584857299 6.07321787301044 7.18667481235203 7.01659111673944 7.08913105691147 6.13296152660219 5.90463400351204 7.0993816796011 6.9518423889673 5.90736391298738 5.94551700109578 6.03654506641318 7.09096545594851 7.0305479806472 7.10346253155043 5.95604219122988 5.98139956261926 6.27407309399483 7.16097860242862 7.08267605988476 6.70194353174532 5.87897977836694 6.03283181535243 6.11249472296492 6.9456779252538 7.14644023885117 7.01452433833472
"ATH-aux-reg-IR8-ARF5-1-down" 7.5719157305009 7.65698458975417 7.48072967555374 7.1640992587193 7.17093738956118 7.13076343174085 7.60983109083787 7.59189211971452 7.12023780500389 7.13295961578396 7.6569942518152 7.64245458675004 7.60559612596894 7.13992909257207 7.13974378124228 6.99592460345263 7.56966251482812 7.63587653245703 7.48743073750351 7.02708115767076 6.99722871257681 7.45123233338477 7.66059715560799 7.61053982717537 7.64953131288262 7.12157339947353 7.08925264288575 7.07404588519573
"ATH-aux-reg-IR8-ARF5-1-up" 6.476162860291 6.52258961761918 6.51413679741011 7.31266938558153 7.26575351779373 7.30780339257184 6.45021393097627 6.40273618720185 7.41718782107081 7.32438433755516 6.46258046368446 6.40827925418321 6.47427254980262 7.36566461619742 7.33778531121784 7.35960701223235 6.49223171238507 6.51783988066319 6.6122380419164 7.3864972522798 7.35073360373285 7.0653657580053 6.42966076221382 6.41886433136689 6.47325798454813 7.32710333447503 7.3969505216043 7.38058209846746
"ATH-aux-reg-IR8-ARF5-2-down" 8.28588797191924 8.49359004437986 8.16537623426619 8.03657176736711 8.08037446933472 7.90189501697576 8.36899616618983 8.28758772812041 7.93485965925429 8.09200783358463 8.46934747767308 8.47736908195596 8.48939207611636 7.90438327689658 7.96092276192969 7.6792662776395 8.32649693491804 8.39054096585417 8.282130317526 7.85116110571209 7.92889669757018 8.11830426339673 8.41255653941093 8.42927999509267 8.31333059154495 7.99375994274445 7.89672517474881 7.95233318130386
"ATH-aux-reg-IR8-ARF5-2-up" 6.17032904345078 6.1070069983728 6.18904563619236 7.63382781496461 7.56956306794563 7.51550289136966 6.10576892038041 6.12787498187065 7.69413053544775 7.52229252288069 6.15541140550672 6.18265279217796 6.09559077928919 7.60721775587708 7.52121754211544 7.64750247148884 6.14342240217541 6.10925414462955 6.35378440768738 7.85251474343455 7.70108833597479 7.07218846536466 6.0223006756691 6.10670519587774 6.09202013075016 7.60866832148024 7.70068771850299 7.66881084163058
"ATH-aux-reg-IR8-ARF6-down" 7.34166337277048 7.35364260806268 7.16978077445041 7.10801607321032 7.08668547406668 7.06407758124054 7.4238379407609 7.32456122809833 6.98128488452122 6.97662236593251 7.43884708768115 7.41636211681921 7.39219694434652 7.00721866805286 6.93493661198725 6.91973653596918 7.34142233881198 7.38173993441571 7.31058580925149 6.92643858583295 6.89627324916804 7.20961252976399 7.40326371771976 7.38827708448651 7.42442281962508 6.95911392719596 6.9663984382781 6.94637785979679
"ATH-aux-reg-IR8-ARF6-up" 7.04866974915696 6.99892204893955 7.05840607433254 7.54904708244363 7.49692952704448 7.53349868485685 6.94508846566776 6.86356932185726 7.64657821666455 7.65226335163717 7.00867633392521 6.94471572398602 6.95188920182404 7.58834308081624 7.60674553332876 7.61903782740091 7.01021858566202 7.00500740524155 7.04616615340446 7.66918594921853 7.57931828359779 7.41049007773592 6.91590630856321 6.89171887814858 6.98291033915443 7.60473863045667 7.61731342628891 7.69276307356648
"ATH-aux-reg-IR8-ARF8-down" 7.71264253473588 7.86750561324952 7.57292437065613 7.38469318744726 7.32355842858881 7.25468026327664 7.7378636745091 7.69607873988429 7.32117691097821 7.33033647753865 7.82398922325363 7.79773287069424 7.74919099031992 7.24043549203792 7.3201317086918 7.21813056592977 7.70260675264971 7.83559051717976 7.66833023351861 7.16202070059874 7.12352704251406 7.62378332808276 7.79703838828087 7.76359283752382 7.751921311108 7.29911810253853 7.27699145379715 7.28799524610233
"ATH-aux-reg-IR8-ARF8-up" 6.51309865780021 6.51150233216006 6.56796926978703 7.35114419947108 7.31957174320633 7.35728546241929 6.51467265454979 6.47119069897714 7.4258055488936 7.3431903822813 6.51693540761314 6.55118911242517 6.51426463922648 7.29487948109982 7.37128141887209 7.3791589607462 6.51855569745386 6.52928871097646 6.64522828229583 7.45516592858332 7.46321683117832 7.04140627761755 6.48971013016756 6.47578208307248 6.5614801902189 7.31979812597609 7.39053398220472 7.41652809041043
"ATH-aux-reg-IR8-TGTCNN-down" 7.07742775025268 7.16536186763456 6.99377892858807 6.83098707365313 6.76469489038359 6.77866785087619 6.99208986759379 6.9577200055649 6.83618444845169 6.93725938670608 7.123111166019 7.14427060496406 7.23681178330656 6.73351055929313 6.74135057678017 6.66064382612667 7.07840531272487 7.12600859934532 6.96503168782765 6.69668166103513 6.64732103336408 7.03518873634717 7.10690879396675 7.10370099762101 7.02061269093777 6.7980502116566 6.83621799676541 6.73723098336965
"ATH-aux-reg-IR8-TGTCNN-up" 6.478532527372 6.50738559568113 6.52064999440856 7.36629609560578 7.27421992967247 7.3208157743038 6.4607421783563 6.51755706695957 7.37190907135737 7.26799187545283 6.52692375665883 6.50576809705762 6.5484440038127 7.23012223205487 7.28592509550632 7.35478710816099 6.51473985203465 6.47230662824064 6.62197782496002 7.4368196500355 7.37201743239303 7.07718208229262 6.4808613691527 6.42727687980114 6.57415999425701 7.28044094123905 7.33057096242063 7.35864777188755
"ATH-aux-trans-A-ARF" 7.1779935931388 7.14209424219189 7.01786538473693 7.44676759161564 7.3930399122348 7.44832574060692 7.1083277771315 7.08706723578133 7.39696976783544 7.52152142002789 7.19842274986076 7.07837404102426 7.15289012455774 7.43030902077206 7.29321322599172 7.48339654107725 7.01663137510228 7.00337790374788 7.19537865126965 7.44512371043944 7.68584086756116 7.29477581741784 7.10189910557898 7.16383339645632 7.28602225691272 7.33864707398938 7.29559104642543 7.5096002252674
"ATH-aux-trans-ARF" 6.24699884821851 6.29464868262466 6.0232586964961 6.41825553803451 6.39064521080008 6.44822653521454 6.13622589442959 6.13569169802573 6.46081081477748 6.50204303751103 6.15551665035823 6.07765365094262 6.15134097394639 6.51711256104825 6.44204355779228 6.48367173546006 6.06746727573859 6.13614448108582 6.24847629690628 6.42851498181861 6.57423846761202 6.31314011010579 6.1407151876579 6.10733526711396 6.23118531516342 6.42983938349009 6.39717230662374 6.56132433187698
"ATH-aux-trans-ConjugationDeconjugation" 7.58501228591268 7.58502411044552 7.43296570616961 8.12148989339771 8.12020745551894 7.98018201047953 7.42423019641517 7.49242243472224 8.14685208230106 8.16572125853648 7.53193679307294 7.55675598171461 7.59237377832882 8.06126751283511 8.04564670972822 8.05474672478577 7.53720561515591 7.61117199861408 7.62700483431237 8.00339858175125 8.08389174534075 8.0366120772696 7.52374698128764 7.33646957729467 7.49318915596425 8.12205499498672 8.2409205138486 8.19159220381765
"ATH-aux-trans-IAA" 6.75478366792933 6.65731421908033 6.94935768289786 8.32846795787232 8.13583016494159 8.33525581369435 6.94714611472413 6.76916982693729 8.219977718173 8.16628019756555 6.77487803048489 6.78410085343984 6.86514022745946 8.18708503992265 8.28164937818013 8.27887014672731 6.84371279638855 6.81053704828686 7.00007142854644 8.390956816163 8.29471637493825 7.85568377259304 6.7800970737321 6.78818213334783 6.85680209184229 8.23644211944475 8.2897985808916 8.25974766851794
"ATH-aux-trans-PolarAuxinTransport" 6.86660336829496 6.69147312151384 6.83859974510344 7.56137444571509 7.50316486505171 7.68122537604229 6.68358101005899 6.73220134401398 7.55767932477925 7.80065549590827 6.74832157180023 6.73961517323145 6.6469184514132 7.63229727198007 7.66250574992011 7.64797116350995 6.84190194169633 6.89791959930699 6.95917534995314 7.54222260927928 7.51747897464938 7.36844801155261 6.70249029576191 6.68817147303948 6.77611219147277 7.75129372424592 7.52314346541365 7.70203215234299
"ATH-aux-trans-Receptors" 7.45205532858766 7.44804887534418 7.43216904143126 7.27649563458643 7.25144535268076 7.24345977452502 7.44344042744424 7.43427308502683 7.21530882491386 7.25073663709508 7.32888214628024 7.43214671168392 7.4141362447423 7.23385580466943 7.33356588837016 7.26295956814587 7.3168057341395 7.45214055355167 7.36996369188184 7.21204975444572 7.29959858843738 7.32379383144672 7.37302192155332 7.41503348109055 7.35697848257678 7.3304900894943 7.19605580671675 7.30316711440115
"ATH-aux-trans-Synthesis" 4.81794153240284 4.81666159091239 4.7483206606591 4.64844471084824 4.59810617975319 4.68870054865347 4.82335417400334 4.80138753683449 4.63244649263648 4.61923839693378 4.87333741267163 4.69351090680427 4.6929290450007 4.69167857452342 4.60715551340356 4.76983949102987 4.71534340557675 4.82919448300295 4.93154578322727 4.58464761329637 4.69914362513431 4.68741301370889 4.84847413270411 4.7765351326806 4.8630249212481 4.58645032265349 4.62516549041923 4.62628489898586
"ATH-aux-trans-Transport" 7.2510100569678 7.10856756646961 7.2691192147756 7.58524658681337 7.60276541352112 7.65978932961166 7.04345840980518 7.09598755653396 7.7055847345527 7.82817010212898 7.15272630198883 7.14955717921523 7.1748464776093 7.63624466581215 7.67801783518271 7.65343523934356 7.16829665860599 7.25014686446373 7.29423060185289 7.62544002408607 7.58301788571653 7.55670499000781 7.06732239600475 7.0662244556953 7.12131580784218 7.81556484560915 7.69410568290969 7.75642577390527
"random1" 6.44522503495311 6.48221300968343 6.40804476735319 6.41935565659587 6.45215546338854 6.37857798381842 6.46315816458281 6.45446936935067 6.40175781112226 6.41149183357768 6.44654192877599 6.45010959342963 6.43500823474268 6.38848734763046 6.42943617235275 6.43961033207394 6.40354613042759 6.43173776135879 6.40853050663157 6.44639807936241 6.44824664006586 6.44508586615249 6.45968219955179 6.4751479615097 6.44549421947522 6.42064190875337 6.38686434991 6.40738220211445
"random2" 6.24614180413072 6.2281475247479 6.25022512813314 6.22688875127862 6.21048572498002 6.2203571043728 6.22407436028318 6.25210692496453 6.2291379709529 6.21210307463298 6.22658329634994 6.24373309746104 6.24647383759264 6.22199825834929 6.21473834632512 6.22405183017152 6.25214971246001 6.23093576951826 6.22157702635072 6.22212221944869 6.23038840840029 6.21999396170068 6.23890277129506 6.24733304882458 6.24300281492627 6.22407008347974 6.21297997485924 6.22253534268423
"random3" 6.36662985362802 6.38214108987486 6.34107494804257 6.34362814211816 6.37541537738204 6.33741473920625 6.35453189063528 6.35192854981171 6.38309489946803 6.34015779062232 6.35267392026817 6.35125308856573 6.36371923048935 6.3428531453569 6.36899127971322 6.36595265105604 6.34178925514949 6.36985774022856 6.34490965596852 6.36693372011706 6.36431531974895 6.35388561949156 6.33940300648323 6.3703314828035 6.34713100509668 6.37048143879874 6.37291883064132 6.34422266876012
"majortrend" 6.24629720929878 6.24687919225307 6.25128433591696 6.24484154397995 6.24584083093659 6.24574570221602 6.2492125350955 6.24782351604363 6.24424564803247 6.24495810395005 6.24863572158647 6.24909016633191 6.24838974446345 6.24512874851976 6.2464120903714 6.24455372182396 6.24633050276843 6.24539839399814 6.24392070720843 6.25101316352915 6.25132219018637 6.24995065912671 6.24765487914035 6.24519502338729 6.24729554794884 6.2469655356803 6.24801528151882 6.25162881909865
"fenoVecNotMean_3" 0 0 0 5 5 5 0 0 10 10 0 0 0 5 5 5 0 0 0 1 1 1 0 0 0 10 10 10
